0000 0.23872875560878976 0.5
0002 0.05771136966379248 1.0
0004 0.21550158557935528 0.3333333333333333
0006 0.2916984432191674 1.5
0010 0.22035904382574287 0.16666666666666666
0014 0.36002540706322034 0.0
0026 0.2245307801640995 0.25
0028 0.08562255285557956 0.3333333333333333
0032 0.12112481453870277 0.8
0034 0.0 0.0
0036 0.0 0.3333333333333333
0038 0.23698923571965744 0.75
0040 0.10605443947917181 0.3333333333333333
0044 0.18627385594275966 0.25
0046 0.17493001208127135 0.5
0048 0.09181832360455157 0.3333333333333333
0050 0.023897953629116887 0.25
0052 0.06860707641420813 0.25
0054 0.1697270471433937 0.75
0056 0.06669841738492956 0.5
0066 0.2095872770533712 0.0
0068 0.32076867752256655 0.125
0070 0.2292274052425923 0.8
0074 0.49611560218342143 0.7142857142857143
0078 0.14895887819537565 0.8
0080 0.0 0.6666666666666666
0082 0.1667486115876359 0.4
0086 0.520492495437464 0.5714285714285714
0092 0.019708706437176995 0.3333333333333333
0094 0.0 1.0
0096 0.0 1.0
0098 0.2395097909522669 0.3333333333333333
0100 0.06542421151041451 0.5
0102 0.007926633903208568 0.4
0104 0.10343588710216636 0.3333333333333333
0106 0.13627760175952044 0.25
0110 0.11314564092947443 0.0
0112 0.0 0.8
0114 0.10134721510433993 0.25
0118 0.0252173913040052 0.6666666666666666
0120 0.0 0.0
0124 0.14278055862711903 0.6
0126 0.04430211450492812 0.0
0128 0.0 1.0
0130 0.24306170639714444 0.25
0132 0.39869917482698414 0.3333333333333333
0134 0.0 0.8
0136 0.0 1.0
0140 0.016179077004246898 0.6666666666666666
0144 0.15569963581102012 1.5
0146 0.3484374193298804 0.5
0148 0.18577494691792207 0.8571428571428571
0154 0.0 1.0
0158 0.2139841895312952 0.14285714285714285
0160 0.25080279038403275 0.5
0164 0.1599965360036894 0.0
0166 0.1518482399975236 0.2
0168 0.018679608094306795 0.5
0170 0.1999285749587788 0.5
0180 0.2745449564474062 0.0
0184 0.0 0.6666666666666666
0186 0.23361822467733048 0.4
0192 0.26620258888095927 0.6666666666666666
0194 0.19485540185782016 0.2
0198 0.09330216959160637 0.6666666666666666
0202 0.2582375303084228 0.2
0206 0.18159940463924476 0.3333333333333333
0208 0.04308729861191927 0.75
0210 0.0 0.8333333333333334
0212 0.0 0.25
0214 0.40933767641643115 0.6
0216 0.011695441164654156 0.8
0218 0.01299907983988752 0.0
0220 0.29143587558197387 0.8571428571428571
0226 0.11370947153201512 0.5
0228 0.13620660483734406 0.0
0230 0.10336353832234764 1.5
0240 0.09809714936195908 0.0
0242 0.1445853685169012 0.0
0244 0.08487395145524115 0.6666666666666666
0248 0.0 1.0
0254 0.0 0.6666666666666666
0256 0.0 1.0
0258 0.0 1.0
0264 0.0 1.0
0266 0.0 0.6666666666666666
0270 0.002831039154740677 0.6666666666666666
0272 0.09865436951826945 0.8
0276 0.07447822396990628 0.5
0278 0.09203624224790856 0.8888888888888888
0280 0.08152008414904692 0.625
0282 0.05595159151077686 0.0
0284 0.014917769421021536 0.25
0286 0.0630240136658644 0.8571428571428571
0290 0.019018222060413138 0.25
0292 0.10584035533595416 0.5
0296 0.0 0.5
0298 0.0 1.0
0300 0.03648589139890869 0.25
0302 0.0 1.0
0304 0.0 0.3333333333333333
0310 0.0 1.0
0312 0.252043596725476 0.8571428571428571
0314 0.09800822004254034 0.8571428571428571
0318 0.08586001908494391 0.4
0320 0.5512490659841351 0.5
0328 0.0 0.6666666666666666
0330 0.08385469736432258 0.75
0332 0.15768519180956933 0.0
0334 0.04226675809577048 1.0
0336 0.6034890597056665 0.8571428571428571
0340 0.30397184637637825 0.5
0342 0.2916218575496924 0.0
0344 0.27681568454777333 0.3333333333333333
0348 0.10015776321957347 0.75
0352 0.08185683911855367 0.875
0364 0.46189905826954214 0.2
0368 0.34071237850938113 0.6666666666666666
0374 0.0 1.0
0376 0.12075145597906795 0.4
0378 0.31788594065658926 0.8571428571428571
0390 0.1424428297782603 0.75
0394 0.0 0.8
0400 0.0 1.0
0402 0.12353284486704219 0.7142857142857143
0404 0.21489570571599628 0.25
0406 0.09501494466472821 0.25
0408 0.34197235421647554 0.0
0412 0.17518664052724903 0.2
0414 0.0030575315112583747 0.5
0416 0.1081249635326292 1.5
0424 0.1485429614678246 1.3333333333333333
0426 0.18432677522581378 0.0
0428 0.14751067188723146 0.3333333333333333
0432 0.20353649203014 1.0
0436 0.3619194291982021 0.3333333333333333
0444 0.2577761340095603 0.0
0446 0.30157572817997225 0.6666666666666666
0448 0.37089023546616373 0.3333333333333333
0452 0.23747381708760348 0.25
0462 0.1617482501279621 1.25
0464 0.1164631425221766 0.5
0466 0.2411149783726649 0.25
0468 0.13488878332334314 0.42857142857142855
0478 0.18834558353375605 0.5
0482 0.20909712617208198 0.3333333333333333
0486 0.22771655676988534 0.5
0490 0.34078332994985017 0.3333333333333333
0492 0.3499074437472637 0.6
0494 0.1793468553080395 1.3333333333333333

average iou: 0.14472131192826546
average nbr: 0.5452354497354494